{
 "cells": [
  {
   "cell_type": "code",
   "execution_count": 24,
   "metadata": {},
   "outputs": [
    {
     "data": {
      "text/plain": [
       "<module 'ml.predict_expected_returns' from '/home/sagemaker-user/portfolio_optimization/ml/predict_expected_returns.py'>"
      ]
     },
     "execution_count": 24,
     "metadata": {},
     "output_type": "execute_result"
    }
   ],
   "source": [
    "import pandas as pd\n",
    "from ml import predict_expected_returns, preprocess, train_expected_returns\n",
    "from importlib import reload\n",
    "import config\n",
    "from pypfopt import risk_models\n",
    "from tqdm import tqdm\n",
    "import os\n",
    "import joblib\n",
    "import utils\n",
    "from rpy2.robjects import pandas2ri, r\n",
    "from tqdm import tqdm\n",
    "import numpy as np\n",
    "\n",
    "reload(preprocess)\n",
    "reload(train_expected_returns)\n",
    "reload(predict_expected_returns)"
   ]
  },
  {
   "cell_type": "code",
   "execution_count": 27,
   "metadata": {},
   "outputs": [],
   "source": [
    "def forecast_ra_cov(data_window, days_in_month):\n",
    "    return risk_models.sample_cov(data_window, returns_data=True) / 252 * days_in_month\n",
    "\n",
    "\n",
    "def forecast_shrinkage_cov(data_window, days_in_month):\n",
    "    return (\n",
    "        risk_models.CovarianceShrinkage(data_window, returns_data=True).ledoit_wolf()\n",
    "        / 252\n",
    "    ) * days_in_month\n",
    "\n",
    "\n",
    "def forecast_ewma_cov(data_window, days_in_month, span=180):\n",
    "    return (\n",
    "        risk_models.exp_cov(data_window, returns_data=True, span=span) / 252\n",
    "    ) * days_in_month\n",
    "\n",
    "\n",
    "pandas2ri.activate()\n",
    "\n",
    "\n",
    "r_code_dcc_garch = \"\"\"\n",
    "library(rmgarch)\n",
    "library(dplyr)\n",
    "\n",
    "forecast_dcc_garch_cov <- function(data_window, days_in_month) {\n",
    "    # Define the GARCH specification\n",
    "    spec <- ugarchspec(\n",
    "      variance.model = list(model = 'sGARCH', garchOrder = c(1, 1)),\n",
    "      mean.model = list(armaOrder = c(0, 0))\n",
    "    )\n",
    "\n",
    "    # Create the multivariate GARCH specification\n",
    "    num_columns <- ncol(data_window) - 1\n",
    "    uspec <- multispec(replicate(num_columns, spec))\n",
    "    dcc_spec <- dccspec(uspec, dccOrder = c(1, 1), distribution = 'mvnorm')\n",
    "\n",
    "    # Fit the DCC-GARCH model\n",
    "    dcc_fit <- dccfit(dcc_spec, data = data_window %>% select(-date))\n",
    "\n",
    "    if (inherits(dcc_fit, 'uGARCHmultifit')) {\n",
    "        # Handle non-convergence\n",
    "        warning('DCC-GARCH fit did not converge. Returning NULL.')\n",
    "        return(NULL)\n",
    "    }\n",
    "\n",
    "    # Forecast the DCC-GARCH model for days_in_month days\n",
    "    n_ahead <- days_in_month\n",
    "    dcc_forecast <- dccforecast(dcc_fit, n.ahead = n_ahead)\n",
    "    dcc_cov_matrix <- rcov(dcc_forecast)[[1]]\n",
    "    dcc_cov_matrix <- apply(dcc_cov_matrix, c(1, 2), sum)\n",
    "\n",
    "    return(dcc_cov_matrix)\n",
    "}\n",
    "\"\"\"\n",
    "\n",
    "r_code_go_garch = \"\"\"\n",
    "library(rmgarch)\n",
    "library(dplyr)\n",
    "\n",
    "forecast_go_garch_cov <- function(data_window, days_in_month) {\n",
    "    spec <- ugarchspec(\n",
    "        variance.model = list(model = 'sGARCH', garchOrder = c(1, 1)),\n",
    "        mean.model = list(armaOrder = c(0, 0))\n",
    "    )\n",
    "\n",
    "    # Create multispec for GO-GARCH\n",
    "    num_columns <- ncol(data_window) - 1\n",
    "    uspec <- multispec(replicate(num_columns, spec))\n",
    "    # Specify the GO-GARCH model\n",
    "    garch_spec <- gogarchspec(mean.model = 'constant',\n",
    "                      variance.model = 'goGARCH',\n",
    "                      distribution.model = 'mvnorm',\n",
    "                      umodel = uspec)    \n",
    "    # Fit the GO-GARCH model\n",
    "    fit <- gogarchfit(spec = garch_spec, data = data_window %>% select(-date))\n",
    "\n",
    "    if (inherits(fit, 'uGARCHmultifit')) {\n",
    "        # Handle non-convergence\n",
    "        warning('GO-GARCH fit did not converge. Returning NULL.')\n",
    "        return(NULL)\n",
    "    }\n",
    "\n",
    "    # Forecast the GO-GARCH model\n",
    "    n_ahead <- days_in_month\n",
    "    gogarch_forecast <- gogarchforecast(fit, n.ahead = n_ahead)\n",
    "    gogarch_cov_matrix <- rcov(gogarch_forecast)[[1]]\n",
    "    gogarch_cov_matrix <- apply(gogarch_cov_matrix, c(1, 2), sum)\n",
    "\n",
    "    return(gogarch_cov_matrix)\n",
    "}\n",
    "\"\"\"\n",
    "# Execute the R code to define the functions in R environment\n",
    "r(r_code_dcc_garch)\n",
    "r(r_code_go_garch)\n",
    "\n",
    "\n",
    "def forecast_dcc_garch_cov(data_window, days_in_month):\n",
    "    # Convert the pandas DataFrame to R DataFrame\n",
    "    r_data_window = pandas2ri.py2rpy(data_window.reset_index())\n",
    "    dcc_cov_matrix = r[\"forecast_dcc_garch_cov\"](r_data_window, days_in_month)\n",
    "    if dcc_cov_matrix is None:\n",
    "        return np.full(\n",
    "            (data_window.shape[1], data_window.shape[1]), np.nan\n",
    "        )  # Return NaN matrix if not converged\n",
    "    return np.array(dcc_cov_matrix)\n",
    "\n",
    "\n",
    "def forecast_go_garch_cov(data_window, days_in_month):\n",
    "    # Convert the pandas DataFrame to R DataFrame\n",
    "    r_data_window = pandas2ri.py2rpy(data_window.reset_index())\n",
    "    go_garch_cov_matrix = r[\"forecast_go_garch_cov\"](r_data_window, days_in_month)\n",
    "    if go_garch_cov_matrix is None:\n",
    "        return np.full(\n",
    "            (data_window.shape[1], data_window.shape[1]), np.nan\n",
    "        )  # Return NaN matrix if not converged\n",
    "    return np.array(go_garch_cov_matrix)"
   ]
  },
  {
   "cell_type": "code",
   "execution_count": 28,
   "metadata": {},
   "outputs": [],
   "source": [
    "def _forecast_cov(df, current_date):\n",
    "    # Period to predict\n",
    "    next_date = current_date + pd.offsets.DateOffset(months=1)\n",
    "    next_month = next_date.month\n",
    "    next_year = next_date.year\n",
    "\n",
    "    # True value\n",
    "    true_df = (\n",
    "        df.loc[(df.index.month == next_month) & (df.index.year == next_year)].astype(\n",
    "            float\n",
    "        )\n",
    "        / 100\n",
    "    )\n",
    "    days_in_next_month = len(true_df)\n",
    "    true_cov = (\n",
    "        risk_models.sample_cov(true_df, returns_data=True) / 252 * days_in_next_month\n",
    "    )\n",
    "\n",
    "    # This gets the data for the lookback period\n",
    "    start_date_window = current_date - pd.DateOffset(months=120)\n",
    "    window_df = (\n",
    "        df.loc[(df.index >= start_date_window) & (df.index <= current_date)].astype(\n",
    "            float\n",
    "        )\n",
    "        / 100\n",
    "    )\n",
    "\n",
    "    # Get the forecast for next month\n",
    "    cov_ra = forecast_ra_cov(window_df, days_in_next_month)\n",
    "    cov_lw_shrinkage = forecast_shrinkage_cov(window_df, days_in_next_month)\n",
    "    cov_ewma = forecast_ewma_cov(window_df, days_in_next_month)\n",
    "    cov_dcc = forecast_dcc_garch_cov(window_df, days_in_next_month)\n",
    "    cov_gogarch = forecast_go_garch_cov(window_df, days_in_next_month)\n",
    "\n",
    "    return {\n",
    "        \"date\": current_date,\n",
    "        \"true_cov\": true_cov,\n",
    "        \"cov_ra\": cov_ra,\n",
    "        \"cov_lw_shrinkage\": cov_lw_shrinkage,\n",
    "        \"cov_ewma\": cov_ewma,\n",
    "        \"cov_dcc\": cov_dcc,\n",
    "        \"cov_gogarch\": cov_gogarch,\n",
    "    }\n",
    "\n",
    "\n",
    "def forecast_cov(df):\n",
    "    results = []\n",
    "    df = df.set_index(\"date\")\n",
    "    df.index = pd.to_datetime(df.index)\n",
    "\n",
    "    # Get list of dates to use\n",
    "    df_filtered = df.loc[config.START_DATE : config.END_DATE]\n",
    "    dates = (\n",
    "        df_filtered.groupby([df_filtered.index.year, df_filtered.index.month])\n",
    "        .apply(lambda x: x.index.max())\n",
    "        .reset_index(drop=True)\n",
    "        .tolist()\n",
    "    )\n",
    "\n",
    "    # Iterate over the dates\n",
    "    for current_date in tqdm(dates):\n",
    "        result = _forecast_cov(df, current_date)\n",
    "        results.append(result)\n",
    "\n",
    "    return results"
   ]
  },
  {
   "cell_type": "code",
   "execution_count": 34,
   "metadata": {},
   "outputs": [
    {
     "data": {
      "text/html": [
       "<div>\n",
       "<style scoped>\n",
       "    .dataframe tbody tr th:only-of-type {\n",
       "        vertical-align: middle;\n",
       "    }\n",
       "\n",
       "    .dataframe tbody tr th {\n",
       "        vertical-align: top;\n",
       "    }\n",
       "\n",
       "    .dataframe thead th {\n",
       "        text-align: right;\n",
       "    }\n",
       "</style>\n",
       "<table border=\"1\" class=\"dataframe\">\n",
       "  <thead>\n",
       "    <tr style=\"text-align: right;\">\n",
       "      <th></th>\n",
       "      <th>date</th>\n",
       "      <th>lo_prior</th>\n",
       "      <th>prior_2</th>\n",
       "      <th>prior_3</th>\n",
       "      <th>prior_4</th>\n",
       "      <th>prior_5</th>\n",
       "      <th>prior_6</th>\n",
       "      <th>prior_7</th>\n",
       "      <th>prior_8</th>\n",
       "      <th>prior_9</th>\n",
       "      <th>hi_prior</th>\n",
       "    </tr>\n",
       "  </thead>\n",
       "  <tbody>\n",
       "    <tr>\n",
       "      <th>0</th>\n",
       "      <td>1926-11-03</td>\n",
       "      <td>-0.12</td>\n",
       "      <td>0.60</td>\n",
       "      <td>-0.09</td>\n",
       "      <td>0.30</td>\n",
       "      <td>-0.51</td>\n",
       "      <td>-0.22</td>\n",
       "      <td>-0.12</td>\n",
       "      <td>0.50</td>\n",
       "      <td>0.13</td>\n",
       "      <td>1.28</td>\n",
       "    </tr>\n",
       "    <tr>\n",
       "      <th>1</th>\n",
       "      <td>1926-11-04</td>\n",
       "      <td>0.65</td>\n",
       "      <td>1.82</td>\n",
       "      <td>1.34</td>\n",
       "      <td>0.61</td>\n",
       "      <td>1.01</td>\n",
       "      <td>0.64</td>\n",
       "      <td>0.82</td>\n",
       "      <td>0.44</td>\n",
       "      <td>0.48</td>\n",
       "      <td>0.40</td>\n",
       "    </tr>\n",
       "    <tr>\n",
       "      <th>2</th>\n",
       "      <td>1926-11-05</td>\n",
       "      <td>-0.84</td>\n",
       "      <td>-0.77</td>\n",
       "      <td>-0.22</td>\n",
       "      <td>-0.15</td>\n",
       "      <td>-0.02</td>\n",
       "      <td>-0.02</td>\n",
       "      <td>-0.07</td>\n",
       "      <td>0.36</td>\n",
       "      <td>0.20</td>\n",
       "      <td>0.08</td>\n",
       "    </tr>\n",
       "    <tr>\n",
       "      <th>3</th>\n",
       "      <td>1926-11-06</td>\n",
       "      <td>1.03</td>\n",
       "      <td>0.28</td>\n",
       "      <td>0.24</td>\n",
       "      <td>0.40</td>\n",
       "      <td>0.19</td>\n",
       "      <td>0.64</td>\n",
       "      <td>0.10</td>\n",
       "      <td>0.10</td>\n",
       "      <td>0.39</td>\n",
       "      <td>-0.68</td>\n",
       "    </tr>\n",
       "    <tr>\n",
       "      <th>4</th>\n",
       "      <td>1926-11-08</td>\n",
       "      <td>-0.06</td>\n",
       "      <td>0.11</td>\n",
       "      <td>1.78</td>\n",
       "      <td>0.28</td>\n",
       "      <td>0.36</td>\n",
       "      <td>0.23</td>\n",
       "      <td>0.30</td>\n",
       "      <td>1.17</td>\n",
       "      <td>0.58</td>\n",
       "      <td>-0.18</td>\n",
       "    </tr>\n",
       "    <tr>\n",
       "      <th>...</th>\n",
       "      <td>...</td>\n",
       "      <td>...</td>\n",
       "      <td>...</td>\n",
       "      <td>...</td>\n",
       "      <td>...</td>\n",
       "      <td>...</td>\n",
       "      <td>...</td>\n",
       "      <td>...</td>\n",
       "      <td>...</td>\n",
       "      <td>...</td>\n",
       "      <td>...</td>\n",
       "    </tr>\n",
       "    <tr>\n",
       "      <th>25648</th>\n",
       "      <td>2024-05-24</td>\n",
       "      <td>0.83</td>\n",
       "      <td>0.58</td>\n",
       "      <td>0.94</td>\n",
       "      <td>0.06</td>\n",
       "      <td>0.18</td>\n",
       "      <td>0.35</td>\n",
       "      <td>0.46</td>\n",
       "      <td>1.03</td>\n",
       "      <td>0.54</td>\n",
       "      <td>2.02</td>\n",
       "    </tr>\n",
       "    <tr>\n",
       "      <th>25649</th>\n",
       "      <td>2024-05-28</td>\n",
       "      <td>-0.38</td>\n",
       "      <td>-0.94</td>\n",
       "      <td>-0.45</td>\n",
       "      <td>-0.78</td>\n",
       "      <td>-0.48</td>\n",
       "      <td>-0.49</td>\n",
       "      <td>-0.67</td>\n",
       "      <td>-0.40</td>\n",
       "      <td>0.19</td>\n",
       "      <td>2.51</td>\n",
       "    </tr>\n",
       "    <tr>\n",
       "      <th>25650</th>\n",
       "      <td>2024-05-29</td>\n",
       "      <td>-1.86</td>\n",
       "      <td>-1.44</td>\n",
       "      <td>-0.37</td>\n",
       "      <td>-1.52</td>\n",
       "      <td>-1.02</td>\n",
       "      <td>-0.48</td>\n",
       "      <td>-0.95</td>\n",
       "      <td>-0.89</td>\n",
       "      <td>-0.88</td>\n",
       "      <td>-0.15</td>\n",
       "    </tr>\n",
       "    <tr>\n",
       "      <th>25651</th>\n",
       "      <td>2024-05-30</td>\n",
       "      <td>1.12</td>\n",
       "      <td>0.91</td>\n",
       "      <td>0.55</td>\n",
       "      <td>-0.07</td>\n",
       "      <td>0.11</td>\n",
       "      <td>-1.24</td>\n",
       "      <td>-1.04</td>\n",
       "      <td>-0.09</td>\n",
       "      <td>-0.68</td>\n",
       "      <td>-1.83</td>\n",
       "    </tr>\n",
       "    <tr>\n",
       "      <th>25652</th>\n",
       "      <td>2024-05-31</td>\n",
       "      <td>1.23</td>\n",
       "      <td>1.16</td>\n",
       "      <td>0.93</td>\n",
       "      <td>1.29</td>\n",
       "      <td>1.46</td>\n",
       "      <td>0.87</td>\n",
       "      <td>1.14</td>\n",
       "      <td>0.26</td>\n",
       "      <td>-0.05</td>\n",
       "      <td>-0.53</td>\n",
       "    </tr>\n",
       "  </tbody>\n",
       "</table>\n",
       "<p>25653 rows × 11 columns</p>\n",
       "</div>"
      ],
      "text/plain": [
       "             date  lo_prior  prior_2  prior_3  prior_4  prior_5  prior_6  \\\n",
       "0      1926-11-03     -0.12     0.60    -0.09     0.30    -0.51    -0.22   \n",
       "1      1926-11-04      0.65     1.82     1.34     0.61     1.01     0.64   \n",
       "2      1926-11-05     -0.84    -0.77    -0.22    -0.15    -0.02    -0.02   \n",
       "3      1926-11-06      1.03     0.28     0.24     0.40     0.19     0.64   \n",
       "4      1926-11-08     -0.06     0.11     1.78     0.28     0.36     0.23   \n",
       "...           ...       ...      ...      ...      ...      ...      ...   \n",
       "25648  2024-05-24      0.83     0.58     0.94     0.06     0.18     0.35   \n",
       "25649  2024-05-28     -0.38    -0.94    -0.45    -0.78    -0.48    -0.49   \n",
       "25650  2024-05-29     -1.86    -1.44    -0.37    -1.52    -1.02    -0.48   \n",
       "25651  2024-05-30      1.12     0.91     0.55    -0.07     0.11    -1.24   \n",
       "25652  2024-05-31      1.23     1.16     0.93     1.29     1.46     0.87   \n",
       "\n",
       "       prior_7  prior_8  prior_9  hi_prior  \n",
       "0        -0.12     0.50     0.13      1.28  \n",
       "1         0.82     0.44     0.48      0.40  \n",
       "2        -0.07     0.36     0.20      0.08  \n",
       "3         0.10     0.10     0.39     -0.68  \n",
       "4         0.30     1.17     0.58     -0.18  \n",
       "...        ...      ...      ...       ...  \n",
       "25648     0.46     1.03     0.54      2.02  \n",
       "25649    -0.67    -0.40     0.19      2.51  \n",
       "25650    -0.95    -0.89    -0.88     -0.15  \n",
       "25651    -1.04    -0.09    -0.68     -1.83  \n",
       "25652     1.14     0.26    -0.05     -0.53  \n",
       "\n",
       "[25653 rows x 11 columns]"
      ]
     },
     "execution_count": 34,
     "metadata": {},
     "output_type": "execute_result"
    }
   ],
   "source": [
    "df[pd.to_datetime(df.date) ==]"
   ]
  },
  {
   "cell_type": "code",
   "execution_count": 38,
   "metadata": {},
   "outputs": [
    {
     "name": "stdout",
     "output_type": "stream",
     "text": [
      "clean/btm.csv btm\n",
      "clean/industry.csv industry\n",
      "clean/momentum.csv momentum\n",
      "clean/size.csv size\n",
      "clean/size_ltr.csv size_ltr\n",
      "clean/size_str.csv size_str\n",
      "clean/sizebtm.csv sizebtm\n",
      "clean/sizemomentum.csv sizemomentum\n"
     ]
    }
   ],
   "source": [
    "files = utils.list_s3_files(prefix=\"clean/\", bucket_name=config.BUCKET_NAME)\n",
    "for f in files:\n",
    "    df = utils.read_s3_file(f)\n",
    "    results = forecast_cov(df)\n",
    "    clean_f = f.replace(\"clean/\", \"\").replace(\".csv\", \"\")\n",
    "    utils.write_s3_joblib(results, f\"output/cov_forecasts_{clean_f}.pkl\")"
   ]
  },
  {
   "cell_type": "code",
   "execution_count": 30,
   "metadata": {},
   "outputs": [
    {
     "name": "stderr",
     "output_type": "stream",
     "text": [
      " 10%|█         | 35/348 [27:22<4:06:26, 47.24s/it]"
     ]
    },
    {
     "name": "stdout",
     "output_type": "stream",
     "text": [
      "\n",
      "Non-Converged:\n",
      "[1]  1  2  3  5  6  7  8  9 10\n",
      "\n",
      "dccfit-->error: convergence problem in univariate fit...\n",
      "...returning uGARCHmultifit object instead...check and resubmit..."
     ]
    },
    {
     "name": "stderr",
     "output_type": "stream",
     "text": [
      " 12%|█▏        | 42/348 [32:14<3:50:15, 45.15s/it]"
     ]
    },
    {
     "name": "stdout",
     "output_type": "stream",
     "text": [
      "\n",
      "Non-Converged:\n",
      "[1]  1  2  3  5  6  7  8  9 10\n",
      "\n",
      "dccfit-->error: convergence problem in univariate fit...\n",
      "...returning uGARCHmultifit object instead...check and resubmit..."
     ]
    },
    {
     "name": "stderr",
     "output_type": "stream",
     "text": [
      "100%|██████████| 348/348 [4:05:46<00:00, 42.38s/it]  \n"
     ]
    }
   ],
   "source": [
    "df = utils.read_s3_file(\"clean/momentum.csv\")\n",
    "results = forecast_cov(df)\n",
    "utils.write_s3_joblib(results, \"output/cov_forecasts_momentum.pkl\")"
   ]
  },
  {
   "cell_type": "code",
   "execution_count": 33,
   "metadata": {},
   "outputs": [],
   "source": [
    "utils.write_s3_joblib(results, \"output/cov_forecasts_momentum.pkl\")"
   ]
  },
  {
   "cell_type": "code",
   "execution_count": 32,
   "metadata": {},
   "outputs": [
    {
     "data": {
      "text/plain": [
       "{'date': Timestamp('1995-01-31 00:00:00'),\n",
       " 'true_cov':           lo_prior   prior_2   prior_3   prior_4   prior_5   prior_6  \\\n",
       " lo_prior  0.000728  0.000608  0.000435  0.000439  0.000506  0.000373   \n",
       " prior_2   0.000608  0.000762  0.000491  0.000520  0.000601  0.000480   \n",
       " prior_3   0.000435  0.000491  0.000437  0.000391  0.000478  0.000373   \n",
       " prior_4   0.000439  0.000520  0.000391  0.000521  0.000556  0.000403   \n",
       " prior_5   0.000506  0.000601  0.000478  0.000556  0.000715  0.000527   \n",
       " prior_6   0.000373  0.000480  0.000373  0.000403  0.000527  0.000489   \n",
       " prior_7   0.000375  0.000439  0.000342  0.000427  0.000500  0.000402   \n",
       " prior_8   0.000384  0.000441  0.000325  0.000397  0.000505  0.000383   \n",
       " prior_9   0.000327  0.000419  0.000256  0.000339  0.000380  0.000314   \n",
       " hi_prior  0.000486  0.000526  0.000367  0.000378  0.000443  0.000357   \n",
       " \n",
       "            prior_7   prior_8   prior_9  hi_prior  \n",
       " lo_prior  0.000375  0.000384  0.000327  0.000486  \n",
       " prior_2   0.000439  0.000441  0.000419  0.000526  \n",
       " prior_3   0.000342  0.000325  0.000256  0.000367  \n",
       " prior_4   0.000427  0.000397  0.000339  0.000378  \n",
       " prior_5   0.000500  0.000505  0.000380  0.000443  \n",
       " prior_6   0.000402  0.000383  0.000314  0.000357  \n",
       " prior_7   0.000447  0.000364  0.000328  0.000379  \n",
       " prior_8   0.000364  0.000403  0.000300  0.000323  \n",
       " prior_9   0.000328  0.000300  0.000351  0.000345  \n",
       " hi_prior  0.000379  0.000323  0.000345  0.000495  ,\n",
       " 'cov_ra':           lo_prior   prior_2   prior_3   prior_4   prior_5   prior_6  \\\n",
       " lo_prior  0.001806  0.001435  0.001310  0.001295  0.001245  0.001276   \n",
       " prior_2   0.001435  0.001581  0.001332  0.001314  0.001263  0.001301   \n",
       " prior_3   0.001310  0.001332  0.001411  0.001292  0.001252  0.001278   \n",
       " prior_4   0.001295  0.001314  0.001292  0.001464  0.001328  0.001389   \n",
       " prior_5   0.001245  0.001263  0.001252  0.001328  0.001414  0.001383   \n",
       " prior_6   0.001276  0.001301  0.001278  0.001389  0.001383  0.001574   \n",
       " prior_7   0.001279  0.001295  0.001289  0.001397  0.001397  0.001498   \n",
       " prior_8   0.001305  0.001321  0.001307  0.001428  0.001430  0.001542   \n",
       " prior_9   0.001389  0.001368  0.001371  0.001467  0.001482  0.001568   \n",
       " hi_prior  0.001600  0.001496  0.001475  0.001562  0.001577  0.001671   \n",
       " \n",
       "            prior_7   prior_8   prior_9  hi_prior  \n",
       " lo_prior  0.001279  0.001305  0.001389  0.001600  \n",
       " prior_2   0.001295  0.001321  0.001368  0.001496  \n",
       " prior_3   0.001289  0.001307  0.001371  0.001475  \n",
       " prior_4   0.001397  0.001428  0.001467  0.001562  \n",
       " prior_5   0.001397  0.001430  0.001482  0.001577  \n",
       " prior_6   0.001498  0.001542  0.001568  0.001671  \n",
       " prior_7   0.001615  0.001580  0.001641  0.001754  \n",
       " prior_8   0.001580  0.001728  0.001701  0.001818  \n",
       " prior_9   0.001641  0.001701  0.001913  0.002002  \n",
       " hi_prior  0.001754  0.001818  0.002002  0.002433  ,\n",
       " 'cov_lw_shrinkage':           lo_prior   prior_2   prior_3   prior_4   prior_5   prior_6  \\\n",
       " lo_prior  0.001802  0.001393  0.001271  0.001257  0.001208  0.001238   \n",
       " prior_2   0.001393  0.001583  0.001292  0.001275  0.001225  0.001262   \n",
       " prior_3   0.001271  0.001292  0.001419  0.001253  0.001215  0.001240   \n",
       " prior_4   0.001257  0.001275  0.001253  0.001470  0.001289  0.001347   \n",
       " prior_5   0.001208  0.001225  0.001215  0.001289  0.001422  0.001342   \n",
       " prior_6   0.001238  0.001262  0.001240  0.001347  0.001342  0.001577   \n",
       " prior_7   0.001241  0.001256  0.001251  0.001355  0.001355  0.001453   \n",
       " prior_8   0.001266  0.001281  0.001268  0.001385  0.001388  0.001496   \n",
       " prior_9   0.001347  0.001327  0.001330  0.001423  0.001438  0.001521   \n",
       " hi_prior  0.001552  0.001451  0.001431  0.001516  0.001530  0.001621   \n",
       " \n",
       "            prior_7   prior_8   prior_9  hi_prior  \n",
       " lo_prior  0.001241  0.001266  0.001347  0.001552  \n",
       " prior_2   0.001256  0.001281  0.001327  0.001451  \n",
       " prior_3   0.001251  0.001268  0.001330  0.001431  \n",
       " prior_4   0.001355  0.001385  0.001423  0.001516  \n",
       " prior_5   0.001355  0.001388  0.001438  0.001530  \n",
       " prior_6   0.001453  0.001496  0.001521  0.001621  \n",
       " prior_7   0.001617  0.001533  0.001592  0.001702  \n",
       " prior_8   0.001533  0.001727  0.001650  0.001764  \n",
       " prior_9   0.001592  0.001650  0.001905  0.001942  \n",
       " hi_prior  0.001702  0.001764  0.001942  0.002410  ,\n",
       " 'cov_ewma':           lo_prior   prior_2   prior_3   prior_4   prior_5   prior_6  \\\n",
       " lo_prior  0.000743  0.000593  0.000545  0.000467  0.000431  0.000454   \n",
       " prior_2   0.000593  0.000721  0.000598  0.000524  0.000480  0.000518   \n",
       " prior_3   0.000545  0.000598  0.000669  0.000515  0.000500  0.000518   \n",
       " prior_4   0.000467  0.000524  0.000515  0.000549  0.000439  0.000474   \n",
       " prior_5   0.000431  0.000480  0.000500  0.000439  0.000541  0.000479   \n",
       " prior_6   0.000454  0.000518  0.000518  0.000474  0.000479  0.000578   \n",
       " prior_7   0.000467  0.000490  0.000507  0.000451  0.000447  0.000491   \n",
       " prior_8   0.000480  0.000515  0.000526  0.000468  0.000480  0.000513   \n",
       " prior_9   0.000564  0.000572  0.000586  0.000508  0.000512  0.000562   \n",
       " hi_prior  0.000720  0.000694  0.000685  0.000589  0.000586  0.000647   \n",
       " \n",
       "            prior_7   prior_8   prior_9  hi_prior  \n",
       " lo_prior  0.000467  0.000480  0.000564  0.000720  \n",
       " prior_2   0.000490  0.000515  0.000572  0.000694  \n",
       " prior_3   0.000507  0.000526  0.000586  0.000685  \n",
       " prior_4   0.000451  0.000468  0.000508  0.000589  \n",
       " prior_5   0.000447  0.000480  0.000512  0.000586  \n",
       " prior_6   0.000491  0.000513  0.000562  0.000647  \n",
       " prior_7   0.000537  0.000506  0.000569  0.000663  \n",
       " prior_8   0.000506  0.000609  0.000616  0.000732  \n",
       " prior_9   0.000569  0.000616  0.000826  0.000951  \n",
       " hi_prior  0.000663  0.000732  0.000951  0.001345  ,\n",
       " 'cov_dcc': array([[0.00100224, 0.0008409 , 0.00073225, 0.00065429, 0.00061405,\n",
       "         0.00065833, 0.00063356, 0.00065117, 0.0007138 , 0.00083166],\n",
       "        [0.0008409 , 0.00108051, 0.00084252, 0.0007642 , 0.00071655,\n",
       "         0.00077409, 0.00072738, 0.00074683, 0.00080539, 0.00089172],\n",
       "        [0.00073225, 0.00084252, 0.00090157, 0.00073049, 0.00070846,\n",
       "         0.00075133, 0.00072395, 0.00072841, 0.0007866 , 0.00085328],\n",
       "        [0.00065429, 0.0007642 , 0.00073049, 0.00079144, 0.00067349,\n",
       "         0.00073458, 0.00070307, 0.0006963 , 0.00074699, 0.0008011 ],\n",
       "        [0.00061405, 0.00071655, 0.00070846, 0.00067349, 0.00080276,\n",
       "         0.00074189, 0.00071222, 0.00072776, 0.00074802, 0.00079064],\n",
       "        [0.00065833, 0.00077409, 0.00075133, 0.00073458, 0.00074189,\n",
       "         0.00088185, 0.00078021, 0.00077416, 0.00082599, 0.00089075],\n",
       "        [0.00063356, 0.00072738, 0.00072395, 0.00070307, 0.00071222,\n",
       "         0.00078021, 0.00083042, 0.00076639, 0.00082667, 0.00088919],\n",
       "        [0.00065117, 0.00074683, 0.00072841, 0.0006963 , 0.00072776,\n",
       "         0.00077416, 0.00076639, 0.00087534, 0.00085353, 0.00093079],\n",
       "        [0.0007138 , 0.00080539, 0.0007866 , 0.00074699, 0.00074802,\n",
       "         0.00082599, 0.00082667, 0.00085353, 0.00106287, 0.00111372],\n",
       "        [0.00083166, 0.00089172, 0.00085328, 0.0008011 , 0.00079064,\n",
       "         0.00089075, 0.00088919, 0.00093079, 0.00111372, 0.00140597]]),\n",
       " 'cov_gogarch': array([[0.00122132, 0.00094991, 0.00087385, 0.00082361, 0.0008196 ,\n",
       "         0.00077219, 0.00079665, 0.00081679, 0.00089455, 0.0010562 ],\n",
       "        [0.00094991, 0.00109519, 0.00091077, 0.00086099, 0.00084959,\n",
       "         0.00081296, 0.00082173, 0.00083982, 0.00088491, 0.00097932],\n",
       "        [0.00087385, 0.00091077, 0.00098951, 0.00085987, 0.00084979,\n",
       "         0.00081137, 0.00082837, 0.00084013, 0.00089377, 0.00097069],\n",
       "        [0.00082361, 0.00086099, 0.00085987, 0.0009634 , 0.00086876,\n",
       "         0.00084683, 0.00085829, 0.00088213, 0.00092396, 0.00097571],\n",
       "        [0.0008196 , 0.00084959, 0.00084979, 0.00086876, 0.00096619,\n",
       "         0.00086754, 0.00087243, 0.00089849, 0.00094438, 0.00099992],\n",
       "        [0.00077219, 0.00081296, 0.00081137, 0.00084683, 0.00086754,\n",
       "         0.00094942, 0.0008869 , 0.00091933, 0.00095353, 0.00101302],\n",
       "        [0.00079665, 0.00082173, 0.00082837, 0.00085829, 0.00087243,\n",
       "         0.0008869 , 0.00097892, 0.00094912, 0.00100376, 0.00106851],\n",
       "        [0.00081679, 0.00083982, 0.00084013, 0.00088213, 0.00089849,\n",
       "         0.00091933, 0.00094912, 0.00107215, 0.00104783, 0.00112372],\n",
       "        [0.00089455, 0.00088491, 0.00089377, 0.00092396, 0.00094438,\n",
       "         0.00095353, 0.00100376, 0.00104783, 0.00121538, 0.00128375],\n",
       "        [0.0010562 , 0.00097932, 0.00097069, 0.00097571, 0.00099992,\n",
       "         0.00101302, 0.00106851, 0.00112372, 0.00128375, 0.00160158]])}"
      ]
     },
     "execution_count": 32,
     "metadata": {},
     "output_type": "execute_result"
    }
   ],
   "source": [
    "results[0]"
   ]
  },
  {
   "cell_type": "code",
   "execution_count": null,
   "metadata": {},
   "outputs": [],
   "source": [
    "df = utils.read_s3_file(\"clean/momentum.csv\")\n",
    "df.index = pd.to_datetime(df.index)\n",
    "# Get list of dates to use\n",
    "df_filtered = df.loc[config.START_DATE : config.END_DATE]\n",
    "dates = (\n",
    "    df_filtered.groupby([df_filtered.index.year, df_filtered.index.month])\n",
    "    .apply(lambda x: x.index.max())\n",
    "    .reset_index(drop=True)\n",
    "    .tolist()\n",
    ")"
   ]
  },
  {
   "cell_type": "code",
   "execution_count": null,
   "metadata": {},
   "outputs": [],
   "source": [
    "file_list = os.listdir(\"../data/clean/\")\n",
    "\n",
    "for f in tqdm(file_list):\n",
    "    df = pd.read_csv(f\"../data/clean/{f}\")\n",
    "    results = forecast_cov(df)\n",
    "    clean_f = f.replace(\".csv\", \"\")\n",
    "    joblib.dump(results, f\"../data/output/{clean_f}_cov_forecasts.joblib\")"
   ]
  }
 ],
 "metadata": {
  "kernelspec": {
   "display_name": "portfolio-optimization-_HjJy9gg-py3.10",
   "language": "python",
   "name": "python3"
  },
  "language_info": {
   "codemirror_mode": {
    "name": "ipython",
    "version": 3
   },
   "file_extension": ".py",
   "mimetype": "text/x-python",
   "name": "python",
   "nbconvert_exporter": "python",
   "pygments_lexer": "ipython3",
   "version": "3.10.14"
  }
 },
 "nbformat": 4,
 "nbformat_minor": 2
}
